dn_data: /home/ubuntu/work/acorn-data

fn_users: 150505-104600-users
#150812-143151-users-833266

# The files don't have lonely writes. Repeated reads from the same user is not filtered out.
fn_youtube_reqs: tweets-010
#fn_youtube_reqs: tweets-100

dc_coordinates:
  # Longitude, latitude
  us-east-1: -77.539001, 39.018002
  us-west-1: -121.741798, 37.178699
  us-west-2: -119.688004, 45.869598
  eu-central-1: 8.683300, 50.116699
  eu-west-1: -6.248900, 53.333099
  sa-east-1: -46.665798, -23.473301
  ap-southeast-1: 103.855797, 1.293100
  ap-southeast-2: 151.205505, -33.861500
  ap-northeast-1: 139.755905, 35.684502

simulation_time_dur_in_ms: 10000

num_threads: 1000

youtube_extra_data_size: 8192

read_req_delay_in_simulation_time_in_ms: 1500

# For testing. The number is in global. Set to -1 for unlimited.
#   tweets-010 has 556609 requests.
max_requests: 100000
#max_requests: -1

prog_mon_report_interval_in_ms: 1000
